start	stop	nvar	fst
1	25001	4	0.0227272727272727
25001	50001	1	
50001	75001	82	0.7451124144672531
75001	100001	58	0.780881440099317
100001	125001	56	0.8662111309170131
125001	150001	60	0.5976226112231838
150001	175001	69	0.07976314872866595
175001	200001	110	0.7804193373711226
200001	225001	1	
225001	250001	0	
250001	275001	0	
275001	300001	47	0.8471316031124644
300001	325001	46	0.7376830967727287
325001	350001	101	0.8125761157676051
350001	375001	61	0.698997161549588
375001	400001	126	0.6287601794914407
400001	425001	15	0.014692378328741996
425001	450001	7	0.043290043290043274
450001	475001	0	
475001	500001	34	0.279754062362758
500001	525001	0	
525001	550001	47	0.39973882155222495
550001	575001	0	
575001	600001	0	
600001	625001	15	0.48937351433451287
625001	650001	62	0.08660197713088244
650001	675001	87	0.43273734898356486
675001	700001	0	
700001	725001	10	0.016161616161616196
725001	750001	115	0.30498959791485347
750001	775001	86	0.27735153600363077
775001	800001	97	0.2643369663118316
800001	825001	63	0.04860683033107971
825001	850001	120	0.1701072420866765
850001	875001	119	0.13206999427168786
875001	900001	96	0.23631084768525523
900001	925001	23	0.09867909867909865
925001	950001	27	0.04659434815076836
950001	975001	46	0.5099992286649001
975001	1000001	39	0.31710777408106783
1000001	1025001	36	0.5717439136873331
1025001	1050001	26	0.576538838743995
1050001	1075001	0	
1075001	1100001	22	0.08792683532978773
1100001	1125001	69	0.3295291809818862
1125001	1150001	97	0.3710164796796105
1150001	1175001	75	0.3392400992279314
1175001	1200001	0	
1200001	1225001	0	
1225001	1250001	145	0.45946945368910685
1250001	1275001	98	0.37877131975492634
1275001	1300001	214	0.26784790162399263
1300001	1325001	40	0.30053892902190116
1325001	1350001	45	0.1502324835658169
1350001	1375001	21	0.4238171185539607
1375001	1400001	42	0.3655207350440197
1400001	1425001	0	
1425001	1450001	0	
1450001	1475001	10	0.012210457993590584
1475001	1500001	86	0.3524489846464988
1500001	1525001	24	0.02891576711319211
1525001	1550001	31	0.03386087596613907
1550001	1575001	179	0.4872291783850042
1575001	1600001	170	0.5057413814071121
1600001	1625001	205	0.40017113465324267
1625001	1650001	196	0.3138998416976678
1650001	1675001	128	0.04264870931537602
1675001	1700001	29	0.08959156785243745
1700001	1725001	71	0.416595213696663
1725001	1750001	210	0.2960062130054406
1750001	1775001	164	0.3235784269036845
1775001	1800001	160	0.23080893573449124
1800001	1825001	113	0.17590843087536961
1825001	1850001	133	0.1193761175999187
1850001	1875001	147	0.10892837388203862
1875001	1900001	229	0.1780881010828962
1900001	1925001	210	0.08119815051467984
1925001	1950001	141	0.15416994324658778
1950001	1975001	260	0.08411568310756211
1975001	2000001	326	0.10653147452445606
2000001	2025001	328	0.13433235606268462
2025001	2050001	311	0.07213340245480243
2050001	2075001	253	0.11390781883613858
2075001	2100001	261	0.07751783690636743
2100001	2125001	279	0.10591877365608862
2125001	2150001	213	0.12130350564753385
2150001	2175001	295	0.13840117657186438
2175001	2200001	252	0.10714707062126896
2200001	2225001	328	0.13082273316171147
2225001	2250001	222	0.14793943449811173
2250001	2275001	304	0.1094306984215241
2275001	2300001	185	0.05923900076396805
2300001	2325001	72	0.07780172907907489
2325001	2350001	119	0.08114077316619159
2350001	2375001	253	0.3225170462638685
2375001	2400001	245	0.2694716467870248
2400001	2425001	213	0.18035310929058793
2425001	2450001	253	0.20340397114678552
2450001	2475001	255	0.13587799663052708
2475001	2500001	206	0.14459210728579927
2500001	2525001	196	0.09900282453747276
2525001	2550001	131	0.2413592143671433
2550001	2575001	274	0.14332469271724207
2575001	2600001	152	0.2026186596746801
2600001	2625001	233	0.12572225733178097
2625001	2650001	332	0.13853994763263597
2650001	2675001	181	0.10875389439067552
2675001	2700001	242	0.09117578065258433
2700001	2725001	295	0.1495936133648224
2725001	2750001	0	
2750001	2775001	160	0.0946876835516847
2775001	2800001	217	0.0903677820429183
2800001	2825001	228	0.08224349244949863
2825001	2850001	361	0.18541226853774698
2850001	2875001	248	0.07759941629543661
2875001	2900001	314	0.10915986489767159
2900001	2925001	396	0.11358227358128231
2925001	2950001	405	0.1649889325161563
2950001	2975001	89	0.19961310018264292
2975001	3000001	226	0.08478394990864134
3000001	3025001	254	0.17802258471082633
3025001	3050001	166	0.1591063571722204
3050001	3075001	309	0.2225742554488796
3075001	3100001	167	0.26761134209490334
3100001	3125001	257	0.22491119978156768
3125001	3150001	222	0.11746897962984294
3150001	3175001	280	0.08876392566708577
3175001	3200001	247	0.08855296364888188
3200001	3225001	196	0.07129425044734491
3225001	3250001	325	0.1052163961659811
3250001	3275001	238	0.07464993427957718
3275001	3300001	214	0.05495811616830821
3300001	3325001	186	0.043449430688966006
3325001	3350001	291	0.11131773058310895
3350001	3375001	145	0.029024790129431623
3375001	3400001	307	0.07375340708674043
3400001	3425001	364	0.038223885922782135
3425001	3450001	373	0.07509194167054144
3450001	3475001	346	0.04738076911218223
3475001	3500001	309	0.07166378118094074
3500001	3525001	331	0.058048738447465685
3525001	3550001	311	0.057897417942144
3550001	3575001	352	0.03898570565237234
3575001	3600001	306	0.07520439584541815
3600001	3625001	312	0.0502894676878197
3625001	3650001	261	0.04743613437359204
3650001	3675001	234	0.03897533752096645
3675001	3700001	353	0.05093569599288089
3700001	3725001	329	0.05270652107950013
3725001	3750001	215	0.046389575918441193
3750001	3775001	362	0.055936772067596285
3775001	3800001	130	0.13350609308273736
3800001	3825001	360	0.05098013393671054
3825001	3850001	196	0.04634751887769873
3850001	3875001	196	0.04843418712623005
3875001	3900001	302	0.10100382611642124
3900001	3925001	367	0.17287976106928882
3925001	3950001	279	0.09067590570972368
3950001	3975001	218	0.11831723109126818
3975001	4000001	100	0.022700098788090425
4000001	4025001	137	0.12460890946365831
4025001	4050001	219	0.171202724794734
4050001	4075001	189	0.2390364116745864
4075001	4100001	301	0.1714728323454822
4100001	4125001	267	0.1450417916270655
4125001	4150001	165	0.1966497467631501
4150001	4175001	196	0.12665293257971932
4175001	4200001	148	0.10565594309816191
4200001	4225001	203	0.08665832387493572
4225001	4250001	161	0.09560283552358155
4250001	4275001	33	0.02107085298155556
4275001	4300001	55	0.02245275751251845
4300001	4325001	11	0.052796771662369645
4325001	4350001	0	
4350001	4375001	1	0.0032679738562093343
4375001	4400001	18	0.0023752218874169293
4400001	4425001	66	0.04626436058172419
4425001	4450001	17	0.11214496276736936
4450001	4475001	0	
4475001	4500001	5	0.005267788058973883
4500001	4525001	0	
4525001	4550001	0	
4550001	4575001	15	0.004601606026195697
4575001	4600001	0	
4600001	4625001	0	
4625001	4650001	6	-0.00920114283143241
4650001	4675001	0	
4675001	4700001	0	
4700001	4725001	0	
4725001	4750001	1	
4750001	4775001	0	
4775001	4800001	25	0.0502664897826188
4800001	4825001	188	0.11025573849781342
4825001	4850001	301	0.048652326611389206
4850001	4875001	321	0.10710595318716189
4875001	4900001	137	0.07541809216814654
4900001	4925001	104	0.08572585403280247
4925001	4950001	159	0.09103900132476939
4950001	4975001	0	
4975001	5000001	57	0.035229705107113186
5000001	5025001	153	0.12969828503680955
5025001	5050001	223	0.11999075331103189
5050001	5075001	319	0.09848883042464344
5075001	5100001	184	0.1275303038175174
5100001	5125001	342	0.2931697889901606
5125001	5150001	231	0.2654804733888821
5150001	5175001	334	0.15584013335360672
5175001	5200001	306	0.1064667289576105
5200001	5225001	333	0.10425191628392473
5225001	5250001	214	0.2466372793892495
5250001	5275001	338	0.04331318751619296
5275001	5300001	142	0.040130993276106114
5300001	5325001	361	0.08238989447043137
5325001	5350001	341	0.0937521093824186
5350001	5375001	362	0.10672636122355968
5375001	5400001	323	0.15608533965049798
5400001	5425001	304	0.12308269756477581
5425001	5450001	356	0.09188552631715009
5450001	5475001	350	0.06488189889752972
5475001	5500001	273	0.048912456472336725
5500001	5525001	370	0.1165181858155781
5525001	5550001	230	0.1315609072065792
5550001	5575001	151	0.09708052079010669
5575001	5600001	345	0.1569212651719902
5600001	5625001	382	0.13230483901140955
5625001	5650001	288	0.1282986912937962
5650001	5675001	398	0.09800867163661987
5675001	5700001	339	0.1268615910574074
5700001	5725001	364	0.17203438080930722
5725001	5750001	390	0.11487933448645088
5750001	5775001	328	0.1663647363898678
5775001	5800001	298	0.09965376087768105
5800001	5825001	343	0.11202680621722098
5825001	5850001	333	0.07855808482087265
5850001	5875001	161	0.06094008220976884
5875001	5900001	256	0.14799465362803174
5900001	5925001	273	0.1703334717033347
5925001	5950001	323	0.17684532490682228
5950001	5975001	310	0.1607069261918289
5975001	6000001	435	0.12507158007865735
6000001	6025001	334	0.06370152459437914
6025001	6050001	150	0.10661417941065136
6050001	6075001	305	0.17831242401472808
6075001	6100001	312	0.14568542089498185
6100001	6125001	228	0.09910535969574587
6125001	6150001	172	0.16138283085160735
6150001	6175001	254	0.08067129522916631
6175001	6200001	202	0.07910032213504138
6200001	6225001	338	0.1064217184492868
6225001	6250001	168	0.04865251000698278
6250001	6275001	397	0.08562970991152549
6275001	6300001	390	0.05373851418578928
6300001	6325001	279	0.07999502770744601
6325001	6350001	127	0.08356899474193998
6350001	6375001	130	0.13414128455821847
6375001	6400001	358	0.11195225628957102
6400001	6425001	350	0.17565707005322317
6425001	6450001	304	0.13030705134044157
6450001	6475001	146	0.19495218827770924
6475001	6500001	268	0.10246510243282941
6500001	6525001	239	0.09102953655799183
6525001	6550001	278	0.12420672970137228
6550001	6575001	384	0.15139896340389736
6575001	6600001	382	0.05503866339791331
6600001	6625001	340	0.0312202158008829
6625001	6650001	329	0.052150684171516574
6650001	6675001	426	0.09899549180210886
6675001	6700001	505	0.047681437729990006
6700001	6725001	455	0.046359266807289606
6725001	6750001	479	0.09051863301476394
6750001	6775001	456	0.07518103909800467
6775001	6800001	367	0.08673439344282464
6800001	6825001	362	0.08910393157094974
6825001	6850001	284	0.08814097288712291
6850001	6875001	257	0.03610392573431587
6875001	6900001	224	0.06574986533160113
6900001	6925001	321	0.09808272498424618
6925001	6950001	393	0.2541121059810492
6950001	6975001	330	0.26644032066012013
6975001	7000001	275	0.18327616962789978
7000001	7025001	138	0.13584824907173115
7025001	7050001	368	0.10706116846622736
7050001	7075001	296	0.06599451933139783
7075001	7100001	449	0.076183405326305
7100001	7125001	27	0.01130615416329707
7125001	7150001	214	0.10992810654256395
7150001	7175001	305	0.1253686288169047
7175001	7200001	0	
7200001	7225001	0	
7225001	7250001	10	0.06544671087607376
7250001	7275001	9	0.015439293217070951
7275001	7300001	0	
7300001	7325001	125	0.20327051351147735
7325001	7350001	248	0.11396125216401018
7350001	7375001	259	0.11257519899188635
7375001	7400001	0	
7400001	7425001	97	0.09092000030546307
7425001	7450001	20	0.020202020202020218
7450001	7475001	99	0.2335030930089129
7475001	7500001	154	0.15508208955867012
7500001	7525001	21	0.12227538543328016
7525001	7550001	178	0.04252249143698881
7550001	7575001	53	0.045698393240802965
7575001	7600001	266	0.06338872839778743
7600001	7625001	361	0.08087270902476021
7625001	7650001	522	0.06423584340713717
7650001	7675001	451	0.038529661614442004
7675001	7700001	53	0.15888722990258997
7700001	7725001	0	
7725001	7750001	0	
7750001	7775001	0	
7775001	7800001	0	
7800001	7825001	168	0.12760433710757682
7825001	7850001	432	0.06804839512194755
7850001	7875001	409	0.0804409711917873
7875001	7900001	348	0.07345256577200902
7900001	7925001	397	0.15099783271360978
7925001	7950001	253	0.07080061960248983
7950001	7975001	440	0.06534746856229022
7975001	8000001	33	0.040459146842125496
8000001	8025001	173	0.1565809091290405
8025001	8050001	469	0.15220906008874874
8050001	8075001	456	0.06865021179002441
8075001	8100001	306	0.10356184573040236
8100001	8125001	167	0.1440210589475496
8125001	8150001	125	0.1451752952290447
8150001	8175001	103	0.20588212264481356
8175001	8200001	300	0.09286264651912976
8200001	8225001	458	0.09901916374408284
8225001	8250001	418	0.10589280911522989
8250001	8275001	77	0.23496521738851758
8275001	8300001	486	0.11216828669035522
8300001	8325001	532	0.06758458007329958
8325001	8350001	428	0.05576204251198544
8350001	8375001	388	0.12528153833828026
8375001	8400001	245	0.07219675555226567
8400001	8425001	384	0.05815634746116497
8425001	8450001	329	0.0712356300846132
8450001	8475001	631	0.08260322053425503
8475001	8500001	436	0.13984605810394962
8500001	8525001	493	0.07946965337091438
8525001	8550001	761	0.08494473292707881
8550001	8575001	395	0.08719790601171613
8575001	8600001	352	0.2027001454384153
8600001	8625001	467	0.17538807024505965
8625001	8650001	381	0.10800018746221834
8650001	8675001	429	0.13413176021440026
8675001	8700001	401	0.053874885233344064
8700001	8725001	490	0.07623188429548453
8725001	8750001	350	0.0836915931841717
8750001	8775001	463	0.052570946792313854
8775001	8800001	286	0.12843378075802203
8800001	8825001	381	0.10179596128384645
8825001	8850001	465	0.09633559684700799
8850001	8875001	504	0.059930930376516325
8875001	8900001	147	0.03842431516721614
8900001	8925001	324	0.0645587228667967
8925001	8950001	217	0.12502209572183712
8950001	8975001	151	0.0638530701887733
8975001	9000001	422	0.07542106592548774
9000001	9025001	426	0.1488448608826264
9025001	9050001	403	0.12326343148945128
9050001	9075001	490	0.11787574262488394
9075001	9100001	28	0.07976390147118922
9100001	9125001	164	0.09800199519825688
9125001	9150001	370	0.08669848198810641
9150001	9175001	363	0.15820171614220582
9175001	9200001	225	0.401017992344072
9200001	9225001	25	0.056565656565656514
9225001	9250001	28	0.09179514442672337
9250001	9275001	192	0.17815587353566995
9275001	9300001	260	0.12151286979708799
9300001	9325001	451	0.19661073522815464
9325001	9350001	564	0.23616622819486002
9350001	9375001	599	0.23280720236357863
9375001	9400001	399	0.3599294618927191
9400001	9425001	142	0.14406767972905754
9425001	9450001	10	0.34484797080216933
9450001	9475001	621	0.17383952942919434
9475001	9500001	303	0.18340786677029458
9500001	9525001	159	0.43737053270521836
9525001	9550001	233	0.30383993259443803
9550001	9575001	169	0.14972113451888075
9575001	9600001	104	0.047463347351726366
9600001	9625001	394	0.29016747679213417
9625001	9650001	452	0.33137190436536956
9650001	9675001	451	0.4023554289614153
9675001	9700001	322	0.5065090194053902
9700001	9725001	486	0.20875803924723152
9725001	9750001	439	0.2195900277917951
9750001	9775001	158	0.20694757259126056
9775001	9800001	443	0.20306952699916522
9800001	9825001	415	0.23759560138238126
9825001	9850001	264	0.11067013931952539
9850001	9875001	119	0.09970239687120909
9875001	9900001	193	0.08592380580222657
9900001	9925001	5	0.03591470258136933
9925001	9950001	0	
9950001	9975001	0	
9975001	10000001	0	
10000001	10025001	187	0.14951442250742808
10025001	10050001	591	0.1712305061380917
10050001	10075001	535	0.10383568475205841
10075001	10100001	553	0.1122113057710078
10100001	10125001	214	0.0491424509019817
10125001	10150001	0	
10150001	10175001	5	0.017316017316017326
10175001	10200001	591	0.2048446475207049
10200001	10225001	678	0.1136151081282422
10225001	10250001	634	0.4088650974487856
10250001	10275001	155	0.4530194950422367
10275001	10300001	489	0.4105219262451967
10300001	10325001	276	0.1240527241665939
10325001	10350001	363	0.16221650180227098
10350001	10375001	402	0.19331496901988623
10375001	10400001	443	0.17845354680659326
10400001	10425001	350	0.3582116988157257
10425001	10450001	694	0.24923003448225534
10450001	10475001	631	0.18854166223326482
10475001	10500001	632	0.19834254968724133
10500001	10525001	389	0.3294813507716961
10525001	10550001	550	0.1848503611774187
10550001	10575001	426	0.11600157312391889
10575001	10600001	396	0.10268807695214303
10600001	10625001	496	0.12318501148655135
10625001	10650001	504	0.13817320672159383
10650001	10675001	466	0.11326111427172567
10675001	10700001	426	0.08002830265744003
10700001	10725001	491	0.1400823673212987
10725001	10750001	359	0.20190063034378444
10750001	10775001	442	0.17699921473425778
10775001	10800001	550	0.1883256120602303
10800001	10825001	235	0.3715190204663543
10825001	10850001	330	0.33659381990164916
10850001	10875001	178	0.3746847279124989
10875001	10900001	423	0.41846187825196096
10900001	10925001	216	0.44209511830388526
10925001	10950001	232	0.34159561602672955
10950001	10975001	467	0.29886406121944087
10975001	11000001	329	0.21889433003525982
11000001	11025001	415	0.24009432832048824
11025001	11050001	291	0.17346386571383263
11050001	11075001	482	0.22422244169347613
11075001	11100001	515	0.31455223314329644
11100001	11125001	456	0.2392419606576491
11125001	11150001	432	0.3662253456611356
11150001	11175001	18	0.8107744107744108
11175001	11200001	53	0.5440249950474874
11200001	11225001	218	0.46539953549693985
11225001	11250001	170	0.33210486177969645
11250001	11275001	462	0.2291898115318552
11275001	11300001	184	0.2968211220631699
11300001	11325001	596	0.25473647400089067
11325001	11350001	595	0.19422255113129705
11350001	11375001	633	0.10352181968448575
11375001	11400001	666	0.14004483611415433
11400001	11425001	699	0.10125959808625419
11425001	11450001	331	0.12345484860269428
11450001	11475001	478	0.2038303722935545
11475001	11500001	325	0.14759408430294507
11500001	11525001	215	0.08904196255250338
11525001	11550001	430	0.26345782134895296
11550001	11575001	11	0.013468013468013438
11575001	11600001	222	0.5647016335763868
11600001	11625001	57	0.2663662725744578
11625001	11650001	392	0.4052077337803901
11650001	11675001	653	0.27466884872164565
11675001	11700001	434	0.23931218232152057
11700001	11725001	398	0.13147744123172264
11725001	11750001	632	0.19483042650771218
11750001	11775001	587	0.11760965216688524
11775001	11800001	814	0.13726715077982718
11800001	11825001	786	0.0836394856318864
11825001	11850001	825	0.12074674483156454
11850001	11875001	638	0.10152556938290731
11875001	11900001	491	0.07823648564389304
11900001	11925001	454	0.13249656078889718
11925001	11950001	485	0.13406741480647313
11950001	11975001	558	0.10680948909484529
11975001	12000001	694	0.17546218298333874
12000001	12025001	476	0.23782211746582618
12025001	12050001	493	0.14716317702954845
12050001	12075001	595	0.12958293751500002
12075001	12100001	436	0.12475568349668031
12100001	12125001	529	0.05780923411786545
12125001	12150001	487	0.1409060320281029
12150001	12175001	551	0.10383314181614571
12175001	12200001	603	0.1075403268618527
12200001	12225001	577	0.10306534404750521
12225001	12250001	642	0.1204814365323524
12250001	12275001	413	0.10291550667406084
12275001	12300001	303	0.1109367193435756
12300001	12325001	541	0.054234218261397064
12325001	12350001	334	0.06202462830176889
12350001	12375001	381	0.11633440036804606
12375001	12400001	558	0.09774706835314272
12400001	12425001	548	0.0732477890093282
12425001	12450001	673	0.04349099971190801
12450001	12475001	613	0.03382619119717978
12475001	12500001	561	0.04522770635662255
12500001	12525001	830	0.027661205837603092
12525001	12550001	942	0.03137240275843082
12550001	12575001	950	0.054733523581553555
12575001	12600001	792	0.05584231390528695
12600001	12625001	681	0.08758677541282361
12625001	12650001	225	0.07193511499658792
12650001	12675001	550	0.053602613963807444
12675001	12700001	617	0.02873115696624543
12700001	12725001	683	0.04702199476947768
12725001	12750001	749	0.032543723603264726
12750001	12775001	579	0.04680077461254626
12775001	12800001	622	0.06970115121243335
12800001	12825001	786	0.038780715086773665
12825001	12850001	235	0.021252424601280222
12850001	12875001	731	0.04115710522124013
12875001	12900001	677	0.04623333796331811
12900001	12925001	115	0.09918521072635168
12925001	12950001	457	0.03170703965554422
12950001	12975001	553	0.0815519396750698
12975001	13000001	555	0.20741954722981473
13000001	13025001	602	0.19270993836173791
13025001	13050001	649	0.09835524507817772
13050001	13075001	655	0.10922213284570086
13075001	13100001	665	0.09104530332604242
13100001	13125001	597	0.07463478973272804
13125001	13150001	452	0.05526763874898865
13150001	13175001	658	0.05623213003748064
13175001	13200001	434	0.08515565090309793
13200001	13225001	662	0.06113668414426683
13225001	13250001	636	0.04717752830614685
13250001	13275001	660	0.08162393570443026
13275001	13300001	614	0.040842638649221656
13300001	13325001	941	0.05441892186366851
13325001	13350001	730	0.07564926656897211
13350001	13375001	606	0.048137731431401105
13375001	13400001	718	0.06116848345571951
13400001	13425001	847	0.12822141105433485
13425001	13450001	634	0.08739801043978666
13450001	13475001	850	0.040181308974902366
13475001	13500001	685	0.05873431552133446
13500001	13525001	534	0.021337356631651743
13525001	13550001	558	0.04977968980071719
13550001	13575001	412	0.01869033570802623
13575001	13600001	719	0.0795249466734797
13600001	13625001	629	0.172067531093085
13625001	13650001	797	0.08874580246699844
13650001	13675001	1035	0.039148195631026214
13675001	13700001	508	0.053588526576845465
13700001	13725001	107	0.03962012237296219
13725001	13750001	132	0.04382388083997731
13750001	13775001	101	0.051802649064515545
13775001	13800001	583	0.04482256204446303
13800001	13825001	726	0.054674758781926236
13825001	13850001	385	0.04606561787249917
13850001	13875001	46	0.02376364804110471
13875001	13900001	0	
13900001	13925001	0	
13925001	13950001	112	0.06594566555647202
13950001	13975001	409	0.058053295365428574
13975001	14000001	639	0.09378729186145461
14000001	14025001	782	0.05008797925493224
14025001	14050001	808	0.04102991347541893
14050001	14075001	873	0.058602200406242685
14075001	14100001	767	0.04345538102243357
14100001	14125001	839	0.05138680956103932
14125001	14150001	785	0.054925339809412686
14150001	14175001	1038	0.04780904841598967
14175001	14200001	981	0.04181462803782761
14200001	14225001	981	0.03414241489304853
14225001	14250001	923	0.034896880612310374
14250001	14275001	739	0.06086148128243818
14275001	14300001	806	0.07982655796527353
14300001	14325001	709	0.05258133307717017
14325001	14350001	649	0.061263496149507185
14350001	14375001	717	0.08330788294774774
14375001	14400001	699	0.07529887609541125
14400001	14425001	552	0.11442303417228368
14425001	14450001	438	0.24505622050896134
14450001	14475001	515	0.16014399624837178
14475001	14500001	417	0.11578394050837511
14500001	14525001	662	0.08859220873808789
14525001	14550001	165	0.2106479206139919
14550001	14575001	331	0.21644931133049153
14575001	14600001	562	0.13272828977194556
14600001	14625001	118	0.2255570504641117
14625001	14650001	777	0.0885519769903743
14650001	14675001	711	0.0926251034266419
14675001	14700001	950	0.0927780919209141
14700001	14725001	975	0.055665261017924815
14725001	14750001	903	0.07006669285840353
14750001	14775001	725	0.04492664362292644
14775001	14800001	973	0.09465593342292443
14800001	14825001	147	0.08886687913960566
14825001	14850001	641	0.12018988455832268
14850001	14875001	837	0.15162334684660747
14875001	14900001	983	0.08589955417908893
14900001	14925001	989	0.11995302755009532
14925001	14950001	674	0.0574023420090607
14950001	14975001	795	0.07379135707494942
14975001	15000001	831	0.09136237572007049
15000001	15025001	1021	0.11682075853139937
15025001	15050001	997	0.07803385818769343
15050001	15075001	634	0.09784341028903656
15075001	15100001	681	0.0839020242373251
15100001	15125001	962	0.17353386414013033
15125001	15150001	877	0.10223023583392701
15150001	15175001	352	0.07383676227311912
15175001	15200001	1079	0.08918411456482525
15200001	15225001	662	0.14319936213846315
15225001	15250001	982	0.13914353696245416
15250001	15275001	598	0.07428741280083373
15275001	15300001	369	0.1663163660043535
15300001	15325001	849	0.07048757626559292
15325001	15350001	416	0.0413780029641885
15350001	15375001	1094	0.08926060185821827
15375001	15400001	888	0.14367856261754963
15400001	15425001	1138	0.09136413228821812
15425001	15450001	901	0.06186148794363556
15450001	15475001	769	0.040961813757156476
15475001	15500001	234	0.17664224882377463
15500001	15525001	292	0.05634016462530837
15525001	15550001	1005	0.03883160491504633
15550001	15575001	119	0.08605401666584814
15575001	15600001	104	0.04385469602860909
15600001	15625001	0	
15625001	15650001	365	0.0261674097153007
15650001	15675001	465	0.06456466353007956
15675001	15700001	937	0.14459085428974108
15700001	15725001	239	0.08399679539197366
15725001	15750001	644	0.040007620294798964
15750001	15775001	739	0.040530994942138895
15775001	15800001	511	0.05993051238024174
15800001	15825001	857	0.04884239460933515
15825001	15850001	660	0.10339834305694473
15850001	15875001	822	0.14737647660156353
15875001	15900001	476	0.08478998356665421
15900001	15925001	171	0.11508631342051437
15925001	15950001	95	0.05982990430333114
15950001	15975001	313	0.053645245416169676
15975001	16000001	219	0.07896615903544774
16000001	16025001	397	0.0736831670724724
16025001	16050001	589	0.06664733941259889
16050001	16075001	176	0.07950676155604892
16075001	16100001	415	0.05934348316549092
16100001	16125001	160	0.08862276264862246
16125001	16150001	214	0.050611108014541474
16150001	16175001	35	0.022920685515885945
16175001	16200001	5	0.01548447696955682
16200001	16225001	0	
16225001	16250001	507	0.03455078015670557
16250001	16275001	437	0.03245669995594513
16275001	16300001	494	0.1026126879038013
16300001	16325001	713	0.032827192460014594
16325001	16350001	878	0.06927603770115462
16350001	16375001	791	0.0781766417432576
16375001	16400001	1052	0.04824230734889814
16400001	16425001	1127	0.06599941610396319
16425001	16450001	746	0.043785124734881005
16450001	16475001	781	0.04319459832209345
16475001	16500001	647	0.029890305979776474
16500001	16525001	745	0.05712788455416641
16525001	16550001	730	0.048695646086323346
16550001	16575001	922	0.04365847966636058
16575001	16600001	732	0.047684582593460555
16600001	16625001	1042	0.05417070930804545
16625001	16650001	1117	0.10448782047250746
16650001	16675001	684	0.19294858439979792
16675001	16700001	1004	0.039017323839383694
16700001	16725001	1176	0.04713148595137147
16725001	16750001	897	0.03922569148662772
16750001	16775001	902	0.06603617722082314
16775001	16800001	1002	0.04875338695966777
16800001	16825001	1003	0.0871585457489515
16825001	16850001	1058	0.07169923223829794
16850001	16875001	770	0.0984789362591785
16875001	16900001	1011	0.07301967783464297
16900001	16925001	1083	0.053336212182236664
16925001	16950001	820	0.03665745238616701
16950001	16975001	948	0.023852123025676745
16975001	17000001	1059	0.02311340436939564
17000001	17025001	710	0.03650076003102813
17025001	17050001	1106	0.037432009079096294
17050001	17075001	839	0.04515260373144458
17075001	17100001	890	0.07815857514622819
17100001	17125001	919	0.07605808660816488
17125001	17150001	894	0.08680209516264652
17150001	17175001	770	0.05253005249386998
17175001	17200001	701	0.03267191850701365
17200001	17225001	864	0.047066384994665915
17225001	17250001	1012	0.03202156996446579
17250001	17275001	1163	0.06143986631372938
17275001	17300001	1153	0.04204474772041038
17300001	17325001	930	0.04724727856019433
17325001	17350001	777	0.0377110260060773
17350001	17375001	933	0.03797108330297753
17375001	17400001	958	0.05827713749159703
17400001	17425001	778	0.029882210055776567
17425001	17450001	667	0.03363663795323334
17450001	17475001	802	0.08926725698059278
17475001	17500001	732	0.12236367181564486
17500001	17525001	659	0.20074140678956842
17525001	17550001	836	0.07697866327146514
17550001	17575001	875	0.12053302264112012
17575001	17600001	970	0.15213187934950523
17600001	17625001	775	0.19259137982638466
17625001	17650001	752	0.16067382476414016
17650001	17675001	800	0.07632912036739428
17675001	17700001	625	0.07236682959994203
17700001	17725001	312	0.036986583685633165
17725001	17750001	1012	0.03260438727335155
17750001	17775001	1000	0.022909553903962508
17775001	17800001	595	0.05515511451274076
17800001	17825001	800	0.031120827899648533
17825001	17850001	535	0.034522955704933175
17850001	17875001	435	0.04623710758680083
17875001	17900001	578	0.05519667194364919
17900001	17925001	320	0.077289363574492
17925001	17950001	209	0.06977404740601881
17950001	17975001	329	0.07528316721293672
17975001	18000001	270	0.09994873493425568
18000001	18025001	942	0.05770838383827811
18025001	18050001	1041	0.038495761635580605
18050001	18075001	897	0.08081456940855931
18075001	18100001	840	0.04747995103345066
18100001	18125001	713	0.042818215205705674
18125001	18150001	705	0.03419264473439867
18150001	18175001	640	0.027972784919452987
18175001	18200001	662	0.024904029240673187
18200001	18225001	808	0.02757152675416725
18225001	18250001	712	0.04846026383304084
18250001	18275001	682	0.04150452276672979
18275001	18300001	794	0.04199788386295469
18300001	18325001	879	0.04752988915709361
18325001	18350001	894	0.041641025358306424
18350001	18375001	1030	0.0465356728792393
18375001	18400001	987	0.056748799839219266
18400001	18425001	1027	0.03495784400405267
18425001	18450001	1198	0.06503753968362881
18450001	18475001	948	0.04058784841118708
18475001	18500001	1146	0.04028123995554785
18500001	18525001	1139	0.047068975752383335
18525001	18550001	1235	0.03216189094609521
18550001	18575001	954	0.01630562407958233
18575001	18600001	1099	0.028483653842928912
18600001	18625001	1203	0.031548398393571334
18625001	18650001	694	0.04686943475402713
18650001	18675001	1001	0.0383907916710108
18675001	18700001	818	0.027866664901184498
18700001	18725001	1045	0.034923071079509184
18725001	18750001	954	0.0594821863689888
18750001	18775001	1022	0.03519118812401295
18775001	18800001	556	0.01963198515941613
18800001	18825001	988	0.025602283144479338
18825001	18850001	966	0.02365801943726718
18850001	18875001	834	0.0269730973734295
18875001	18900001	656	0.02489739608583814
18900001	18925001	823	0.041347647705286546
18925001	18950001	886	0.04070454574822397
18950001	18975001	827	0.08106327662652076
18975001	19000001	434	0.12618974914008008
19000001	19025001	1016	0.04674560310547024
19025001	19050001	954	0.06040181322420152
19050001	19075001	1026	0.0437231105380462
19075001	19100001	802	0.03794846216668297
19100001	19125001	839	0.07039940147824554
19125001	19150001	540	0.09646924665367652
19150001	19175001	968	0.06622042218148758
19175001	19200001	905	0.08377458460730022
19200001	19225001	1028	0.09153601166405399
19225001	19250001	818	0.07011453134971839
19250001	19275001	740	0.06777339455033413
19275001	19300001	718	0.02234430090608972
19300001	19325001	698	0.041063176208510924
19325001	19350001	803	0.02331053477645849
19350001	19375001	1019	0.02616786569228523
19375001	19400001	809	0.013688716739531766
19400001	19425001	899	0.02090787633357319
19425001	19450001	768	0.05210699077230654
19450001	19475001	758	0.02337422370069741
19475001	19500001	856	0.02860765763469866
19500001	19525001	957	0.044352691905979215
19525001	19550001	768	0.028168416134404264
19550001	19575001	869	0.02506142743994127
19575001	19600001	718	0.051064885711673426
19600001	19625001	865	0.04035715101207732
19625001	19650001	823	0.027792149055429875
19650001	19675001	729	0.03513559267402501
19675001	19700001	826	0.027401451524431422
19700001	19725001	1058	0.020853161764063384
19725001	19750001	917	0.06291800443754506
19750001	19775001	1098	0.055823529213019876
19775001	19800001	908	0.04112939919147303
19800001	19825001	925	0.05708206223528562
19825001	19850001	706	0.12422301563735737
19850001	19875001	569	0.12306006911907795
19875001	19900001	706	0.04196870824618311
19900001	19925001	379	0.025903259276669387
19925001	19950001	699	0.034098725871427996
19950001	19975001	690	0.029902095475930198
19975001	20000001	701	0.03815744071335126
20000001	20025001	752	0.021973054465334107
20025001	20050001	730	0.028991589439218375
20050001	20075001	614	0.035140192134137556
20075001	20100001	536	0.03091447017976216
20100001	20125001	648	0.03900195785906272
20125001	20150001	842	0.045582648112225094
20150001	20175001	1007	0.05157768570321473
20175001	20200001	928	0.03573376008989666
20200001	20225001	900	0.017270668371629588
20225001	20250001	866	0.03315876776804731
20250001	20275001	357	0.030908950333541782
20275001	20300001	0	
20300001	20325001	0	
20325001	20350001	3	0.030303030303030325
20350001	20375001	0	
20375001	20400001	8	0.12430914721865463
20400001	20425001	778	0.028325765991833625
20425001	20450001	877	0.02777065630762024
20450001	20475001	805	0.03916084303644472
20475001	20500001	319	0.05441848642285563
20500001	20525001	876	0.05220304445271887
20525001	20550001	614	0.03414832258180113
20550001	20575001	758	0.03895762615621431
20575001	20600001	649	0.03283974894832523
20600001	20625001	754	0.02166264233319034
20625001	20650001	865	0.033891445244251264
20650001	20675001	849	0.02710094844568933
20675001	20700001	697	0.028508672189618525
20700001	20725001	690	0.026588204166625017
20725001	20750001	718	0.03447574382098352
20750001	20775001	711	0.04683486733426121
20775001	20800001	822	0.034323028781428906
20800001	20825001	753	0.03360865196095288
20825001	20850001	651	0.03896495364840769
20850001	20875001	213	0.038451498654103605
20875001	20900001	429	0.03958783994911862
20900001	20925001	651	0.024622306484855493
20925001	20950001	804	0.026908469891274413
20950001	20975001	692	0.044627869146096316
20975001	21000001	630	0.09667146670943705
21000001	21025001	558	0.03205597137969926
21025001	21050001	747	0.0745953081135989
21050001	21075001	518	0.08786241674583596
21075001	21100001	470	0.026196308474232002
21100001	21125001	516	0.03381697346472889
21125001	21150001	627	0.015000954259344704
21150001	21175001	806	0.01873036469577506
21175001	21200001	1173	0.021141902718188617
21200001	21225001	927	0.027052433880992707
21225001	21250001	941	0.02253487570449662
21250001	21275001	1112	0.026494031508089266
21275001	21300001	510	0.015285733010047948
21300001	21325001	955	0.024434989310801458
21325001	21350001	1208	0.022586153424342975
21350001	21375001	724	0.026397894013715832
21375001	21400001	615	0.025541137649889842
21400001	21425001	450	0.012828493328642188
21425001	21450001	680	0.014987712746149393
21450001	21475001	882	0.02680625374070865
21475001	21500001	452	0.016582304868264976
21500001	21525001	715	0.024691657322218175
21525001	21550001	643	0.03959103776294773
21550001	21575001	717	0.023064375950557454
21575001	21600001	730	0.044009682387991814
21600001	21625001	643	0.041121379141837576
21625001	21650001	793	0.02537797358351545
21650001	21675001	515	0.029481500950329316
21675001	21700001	602	0.025098229854428864
21700001	21725001	800	0.0410750020609546
21725001	21750001	730	0.03743552841833284
21750001	21775001	867	0.06962456330359486
21775001	21800001	1061	0.03067367171868953
21800001	21825001	592	0.034870617991166315
21825001	21850001	651	0.026055871732764666
21850001	21875001	15	0.04423491884792188
21875001	21900001	0	
21900001	21925001	683	0.030542868472320153
21925001	21950001	705	0.031405664842294886
21950001	21975001	719	0.05113333769566299
21975001	22000001	515	0.04596010095164922
22000001	22025001	723	0.05660709411863888
22025001	22050001	859	0.036904945961304704
22050001	22075001	1032	0.036804520373174394
22075001	22100001	867	0.033421940246304016
22100001	22125001	646	0.02817739038861152
22125001	22150001	812	0.01825709553076548
22150001	22175001	897	0.038814087250551854
22175001	22200001	1091	0.018913951405541654
22200001	22225001	716	0.01926828946965556
22225001	22250001	901	0.0257051317247247
22250001	22275001	821	0.04385413947539198
22275001	22300001	902	0.03066818157897153
22300001	22325001	1106	0.03421753761140036
22325001	22350001	1040	0.02410350539481384
22350001	22375001	890	0.028840594497160154
22375001	22400001	863	0.018072965502886416
22400001	22425001	601	0.030146158715198473
22425001	22450001	519	0.013366560241068129
22450001	22475001	641	0.03791381698439915
22475001	22500001	923	0.03260415394680722
22500001	22525001	1000	0.016128058261580584
22525001	22550001	1191	0.022182066537285307
22550001	22575001	898	0.033292573723462844
22575001	22600001	1122	0.035072520859213044
22600001	22625001	780	0.02604266934161111
22625001	22650001	1083	0.019952532688882058
22650001	22675001	1001	0.018198814950360177
22675001	22700001	984	0.026306964687368553
22700001	22725001	596	0.018196892610647403
22725001	22750001	606	0.04906081095195365
22750001	22775001	573	0.030976629221015177
22775001	22800001	902	0.030451096421859704
22800001	22825001	846	0.024439486258289293
22825001	22850001	1078	0.01927335089858676
22850001	22875001	1102	0.029537240414043965
22875001	22900001	1132	0.019431225542180925
22900001	22925001	1275	0.029406391472911877
22925001	22950001	928	0.022188321092454045
22950001	22975001	890	0.011721178845388104
22975001	23000001	800	0.01472922440983428
23000001	23025001	587	0.014278449787634071
23025001	23050001	1005	0.014863935683345826
23050001	23075001	403	0.008933043883949575
23075001	23100001	471	0.022685524457499707
23100001	23125001	657	0.015296313724114259
23125001	23150001	631	0.007950553469732802
23150001	23175001	586	0.01904092765408298
23175001	23200001	476	0.013126447371663788
23200001	23225001	519	0.01583566960756732
23225001	23250001	430	0.01434130892438865
23250001	23275001	330	0.014917265819433222
23275001	23300001	115	0.017010502924005234
23300001	23325001	0	
23325001	23350001	0	
23350001	23375001	0	
23375001	23400001	0	
23400001	23425001	118	0.020884680033154294
23425001	23450001	214	0.037392731526347346
23450001	23475001	331	0.012957123680643291
23475001	23500001	313	0.021745194855915407
23500001	23525001	92	0.013888364927404747
23525001	23550001	275	0.0276847887722164
23550001	23575001	604	0.018418511023618196
23575001	23600001	760	0.023104894806103407
23600001	23625001	649	0.018490997589493737
23625001	23650001	887	0.019940033944275574
23650001	23675001	952	0.01624645291200945
23675001	23700001	971	0.014767961954415237
23700001	23725001	1034	0.011498599623351752
23725001	23750001	677	0.019636938085468673
23750001	23775001	679	0.010237227741734056
23775001	23800001	777	0.010011941998880235
23800001	23825001	635	0.010700226376499426
23825001	23850001	460	0.015608918882923435
23850001	23875001	273	0.030953636031210076
23875001	23900001	211	0.014273109383923514
23900001	23925001	426	0.023526551258452377
23925001	23950001	286	0.03300259788093828
23950001	23975001	616	0.022513141763095584
23975001	24000001	744	0.015876166111180225
24000001	24025001	865	0.021317361113692996
24025001	24050001	875	0.017841922951664393
24050001	24075001	727	0.021858200397136207
24075001	24100001	872	0.023222381602612783
24100001	24125001	734	0.01367699845263948
24125001	24150001	1250	0.018979483302729187
24150001	24175001	703	0.015504010591816065
24175001	24200001	579	0.017958625223097435
24200001	24225001	613	0.0114177658862513
24225001	24250001	994	0.0259507566319607
24250001	24275001	1192	0.026244548761661022
24275001	24300001	1120	0.01633972510919666
24300001	24325001	842	0.01936774805404899
24325001	24350001	857	0.019637787710845435
24350001	24375001	778	0.014493818674255246
24375001	24400001	953	0.018039936758303104
24400001	24425001	334	0.024417684628048924
24425001	24450001	699	0.03567737223250981
24450001	24475001	695	0.03297135215288262
24475001	24500001	657	0.014616298397226625
24500001	24525001	6	0.006734006734006778
24525001	24550001	67	0.105673496782506
24550001	24575001	266	0.030929603900594304
24575001	24600001	1045	0.017851019298954014
24600001	24625001	396	0.010984971063729403
24625001	24650001	39	0.005074216341822012
24650001	24675001	192	0.011838744886728677
24675001	24700001	409	0.016282287308785552
24700001	24725001	645	0.013733788615679886
24725001	24750001	699	0.013652203510848135
24750001	24775001	674	0.02178501055979009
24775001	24800001	813	0.03341041240656762
24800001	24825001	1148	0.05582863561570793
24825001	24850001	967	0.029760903314904177
24850001	24875001	900	0.04589353655505862
24875001	24900001	644	0.05740257409101337
24900001	24925001	823	0.044681598875520916
24925001	24950001	799	0.020679853881793647
24950001	24975001	928	0.02244827233136052
24975001	25000001	764	0.03440104826596398
25000001	25025001	817	0.033079410321001784
25025001	25050001	924	0.034776835046915255
25050001	25075001	826	0.07959303763941382
25075001	25100001	980	0.07034489394302477
25100001	25125001	1020	0.1070348570108487
25125001	25150001	605	0.05469631431074346
25150001	25175001	898	0.08287715766949721
25175001	25200001	901	0.06920293924869682
25200001	25225001	1075	0.040327564734709796
25225001	25250001	706	0.03209475395126195
25250001	25275001	776	0.013086616620077008
25275001	25300001	912	0.03681943971273118
25300001	25325001	235	0.013511740784468058
25325001	25350001	763	0.020388319772815074
25350001	25375001	920	0.02391561293328012
25375001	25400001	826	0.02930704047044564
25400001	25425001	808	0.023592362968805503
25425001	25450001	343	0.02168758547045544
25450001	25475001	607	0.02684434492345583
25475001	25500001	285	0.023486781750813847
25500001	25525001	240	0.030397804368253917
25525001	25550001	303	0.045371986079396236
25550001	25575001	1126	0.02171475938372882
25575001	25600001	1008	0.03149332084040022
25600001	25625001	938	0.030666989269731482
25625001	25650001	666	0.02568308934259073
25650001	25675001	771	0.022659631738428047
25675001	25700001	466	0.016920721954584505
25700001	25725001	696	0.016482735068180997
25725001	25750001	840	0.019281296689743807
25750001	25775001	872	0.016267942469102063
25775001	25800001	482	0.04090986406034874
25800001	25825001	580	0.028882726361717976
25825001	25850001	1069	0.016782639406896872
25850001	25875001	1003	0.014023281576161704
25875001	25900001	901	0.01829441169670493
25900001	25925001	1171	0.031065447239275467
25925001	25950001	947	0.03079341066205545
25950001	25975001	1055	0.026305343587772836
25975001	26000001	743	0.0203296929687589
26000001	26025001	795	0.024541404468561387
26025001	26050001	917	0.015058275064320281
26050001	26075001	942	0.015430298332819416
26075001	26100001	1169	0.016657666849005704
26100001	26125001	917	0.020928327246630133
26125001	26150001	1061	0.027412444874574674
26150001	26175001	962	0.014841676364070478
26175001	26200001	1004	0.012839157958130315
26200001	26225001	756	0.018733326603084546
26225001	26250001	747	0.01883530228396732
26250001	26275001	662	0.01720972608920405
26275001	26300001	711	0.015508594156715107
26300001	26325001	724	0.017660184362810593
26325001	26350001	939	0.00909310228141905
26350001	26375001	1207	0.01864895373039855
26375001	26400001	896	0.0178320240825414
26400001	26425001	777	0.019955434005159645
26425001	26450001	664	0.009563273886963547
26450001	26475001	753	0.019675123498539997
26475001	26500001	577	0.029784420730922793
26500001	26525001	614	0.016339460327486646
26525001	26550001	777	0.06731158525149537
26550001	26575001	710	0.01979851886003609
26575001	26600001	389	0.017733367600321286
26600001	26625001	226	0.02294518976805762
26625001	26650001	830	0.02873378595806342
26650001	26675001	1000	0.03306297344429402
26675001	26700001	846	0.042924459571674914
26700001	26725001	1028	0.044422119184360426
26725001	26750001	1060	0.033604536306554
26750001	26775001	768	0.025458045611485996
26775001	26800001	476	0.02583634137939808
26800001	26825001	578	0.029763517311410036
26825001	26850001	774	0.04163847485290212
26850001	26875001	589	0.06371620432917575
26875001	26900001	238	0.08316630172576238
26900001	26925001	56	0.13515114910088996
26925001	26950001	186	0.13456280288887632
26950001	26975001	634	0.08404866298936646
26975001	27000001	512	0.06525872938485516
27000001	27025001	674	0.025472262053804307
27025001	27050001	686	0.02306168592170541
27050001	27075001	760	0.02771658925545453
27075001	27100001	735	0.02687984788143639
27100001	27125001	842	0.023110539085711344
27125001	27150001	1047	0.015285238702907022
27150001	27175001	832	0.02906711469016444
27175001	27200001	926	0.040804659531546925
27200001	27225001	799	0.056978975842392574
27225001	27250001	766	0.01919617115518146
27250001	27275001	699	0.024784134556718546
27275001	27300001	939	0.007550933456217616
27300001	27325001	1058	0.019425402061644424
27325001	27350001	1224	0.01377742996567385
27350001	27375001	1270	0.021311312253023667
27375001	27400001	1116	0.012632324144192932
27400001	27425001	958	0.013249710600197417
27425001	27450001	1210	0.013746307084767609
27450001	27475001	965	0.01855943755669171
27475001	27500001	973	0.025805755051113887
27500001	27525001	945	0.018614557309940515
27525001	27550001	1274	0.01960765054652607
27550001	27575001	1352	0.0209809410534277
27575001	27600001	1302	0.016030989398854577
27600001	27625001	975	0.0172833155122243
27625001	27650001	875	0.017486008287585165
27650001	27675001	725	0.023326251723317364
27675001	27700001	708	0.0181158149611592
27700001	27725001	716	0.011298193973076185
27725001	27750001	958	0.01868304231964872
27750001	27775001	931	0.022501149783866917
27775001	27800001	964	0.018280024365078376
27800001	27825001	1097	0.01692262213805588
27825001	27850001	1114	0.01596111075689955
27850001	27875001	750	0.014700013208116569
27875001	27900001	752	0.021383431595698867
27900001	27925001	873	0.014969683906719525
27925001	27950001	1148	0.011731114381907465
27950001	27975001	870	0.023694624482543062
27975001	28000001	801	0.026251159019638162
28000001	28025001	769	0.03755503261537181
28025001	28050001	1036	0.028422056254800647
28050001	28075001	988	0.015914150518402035
28075001	28100001	956	0.0299492126280087
28100001	28125001	701	0.04175510013017261
28125001	28150001	670	0.015134417741590193
28150001	28175001	1087	0.03283438498856665
28175001	28200001	1020	0.06290174915467496
28200001	28225001	934	0.02719264296958441
28225001	28250001	1078	0.03427300126707759
28250001	28275001	994	0.029120294925352543
28275001	28300001	946	0.026338157078995325
28300001	28325001	716	0.024414999600619887
28325001	28350001	870	0.02828862590132659
28350001	28375001	849	0.03039230851453204
28375001	28400001	784	0.02733117277990981
28400001	28425001	843	0.010784646495715386
28425001	28450001	631	0.02031036098432796
28450001	28475001	379	0.01659071497078814
28475001	28500001	412	0.021013125849793354
28500001	28525001	760	0.02187820967374641
28525001	28550001	833	0.016434027981372085
28550001	28575001	956	0.023717391857268275
28575001	28600001	753	0.013914627297526927
28600001	28625001	593	0.008634496302399024
28625001	28650001	568	0.01859611287851728
28650001	28675001	739	0.01662980128814385
28675001	28700001	738	0.009662128388639099
28700001	28725001	869	0.012220991479446882
28725001	28750001	969	0.014208373572643169
28750001	28775001	639	0.045151810208253464
28775001	28800001	756	0.026717688890398595
28800001	28825001	873	0.014443180218919858
28825001	28850001	588	0.010422918354074839
28850001	28875001	720	0.020628540306068293
28875001	28900001	1085	0.01213433629896754
28900001	28925001	918	0.006956550839237602
28925001	28950001	1018	0.01813789246613903
28950001	28975001	1039	0.01563526660548412
28975001	29000001	942	0.014373451792505322
29000001	29025001	766	0.013469704903284236
29025001	29050001	1002	0.015600353009433628
29050001	29075001	345	0.016323440459759527
29075001	29100001	326	0.03321467350695502
29100001	29125001	962	0.02746901361160844
29125001	29150001	922	0.025484339375384604
29150001	29175001	745	0.02304585264041943
29175001	29200001	845	0.021609774720882158
29200001	29225001	911	0.019931629308268445
29225001	29250001	859	0.01794101877519622
29250001	29275001	455	0.06337483159563495
29275001	29300001	898	0.024981418291819574
29300001	29325001	926	0.021392257600018443
29325001	29350001	964	0.030121886729227196
29350001	29375001	985	0.02550575023795026
29375001	29400001	988	0.0193931284207631
29400001	29425001	1187	0.02360492622189688
29425001	29450001	974	0.018291696417465336
29450001	29475001	1138	0.013956802440538586
29475001	29500001	913	0.02173783309413879
29500001	29525001	1170	0.02392700893343436
29525001	29550001	1139	0.02313495467870083
29550001	29575001	1362	0.028609866688594453
29575001	29600001	1044	0.014366977673409071
29600001	29625001	1032	0.020760296545098374
29625001	29650001	1078	0.016546096464155457
29650001	29675001	986	0.020509798556187946
29675001	29700001	1049	0.02642189157572228
29700001	29725001	1216	0.013298014657985984
29725001	29750001	1348	0.015917160548640334
29750001	29775001	1123	0.01766271711929739
29775001	29800001	1424	0.019671993105090654
29800001	29825001	1057	0.014797743792625951
29825001	29850001	1147	0.019468876648297346
29850001	29875001	1055	0.017699247991537197
29875001	29900001	1139	0.02669969740726723
29900001	29925001	730	0.017083404255839218
29925001	29950001	1032	0.023146644647018492
29950001	29975001	1004	0.022505530460676344
29975001	30000001	847	0.031406576493068945
30000001	30025001	855	0.03277345052327053
30025001	30050001	621	0.015839937872351367
30050001	30075001	601	0.02039426143624217
30075001	30100001	839	0.010415861776821194
30100001	30125001	797	0.020686876068118778
30125001	30150001	827	0.012253185028518356
30150001	30175001	708	0.027690708606535473
30175001	30200001	909	0.020073379113085536
30200001	30225001	919	0.01648771822359382
30225001	30250001	882	0.00967558963155474
30250001	30275001	1036	0.018677889967705995
30275001	30300001	1135	0.01579250137132942
30300001	30325001	1011	0.018985071813363764
30325001	30350001	621	0.012796761250273202
30350001	30375001	1072	0.014858572799171074
30375001	30400001	1052	0.006861280747807131
30400001	30425001	1003	0.016384716325965065
30425001	30450001	825	0.021030987033495055
30450001	30475001	621	0.025029013009782237
30475001	30500001	809	0.025514197983330437
30500001	30525001	834	0.028102030734936456
30525001	30550001	938	0.018120288180600456
30550001	30575001	901	0.0278875750230211
30575001	30600001	874	0.018956401704457313
30600001	30625001	907	0.04393069865305671
30625001	30650001	850	0.026165839280414778
30650001	30675001	849	0.016149507411626605
30675001	30700001	1121	0.0210184123071687
30700001	30725001	1094	0.011103120859218418
30725001	30750001	1145	0.01881985304035298
30750001	30775001	893	0.013241807536663236
30775001	30800001	747	0.11663404259931588
30800001	30825001	540	0.07502058459278221
30825001	30850001	991	0.02580138955613501
30850001	30875001	1075	0.014980815342323775
30875001	30900001	1061	0.009513796541299444
30900001	30925001	868	0.02271404625047801
30925001	30950001	918	0.01873993837527007
30950001	30975001	817	0.014140004736500154
30975001	31000001	834	0.017842097042689197
31000001	31025001	415	0.0227135896427235
31025001	31050001	640	0.05723412869192552
31050001	31075001	805	0.014274425658940727
31075001	31100001	613	0.019270638143934857
31100001	31125001	0	
31125001	31150001	717	0.02182524812368175
31150001	31175001	949	0.018329209591609445
31175001	31200001	49	0.007206590144978787
31200001	31225001	355	0.021096267583427544
31225001	31250001	670	0.028792575217169828
31250001	31275001	817	0.027219242837002743
31275001	31300001	893	0.017232096040746984
31300001	31325001	889	0.018106219820360776
31325001	31350001	1326	0.020419176812957445
31350001	31375001	1184	0.014802330243063792
31375001	31400001	928	0.013748494044445945
31400001	31425001	964	0.01218564655755011
31425001	31450001	1191	0.01564552758946817
31450001	31475001	735	0.019221267447737618
31475001	31500001	621	0.015601520018780419
31500001	31525001	758	0.010993291638855134
31525001	31550001	1002	0.01706550203580603
31550001	31575001	830	0.0158354141882799
31575001	31600001	1240	0.01332507434676957
31600001	31625001	1175	0.01958437413733295
31625001	31650001	969	0.015316380349875685
31650001	31675001	802	0.013912285354113303
31675001	31700001	726	0.023985988739016126
31700001	31725001	835	0.012829586691042281
31725001	31750001	789	0.02597769943010438
31750001	31775001	683	0.031510462309130016
31775001	31800001	831	0.035246068593838206
31800001	31825001	695	0.05345122492182536
31825001	31850001	601	0.050813424054553524
31850001	31875001	727	0.09080289480031581
31875001	31900001	1172	0.05637493627937212
31900001	31925001	1111	0.0395111226998956
31925001	31950001	1016	0.016216120558192104
31950001	31975001	1072	0.019405737692895733
31975001	32000001	661	0.022414655645796883
32000001	32025001	667	0.01662769085470734
32025001	32050001	727	0.024990812313606486
32050001	32075001	550	0.022833111689751932
32075001	32100001	721	0.018172450875692376
32100001	32125001	587	0.01648468910477835
32125001	32150001	702	0.010164383676563913
32150001	32175001	775	0.01723201695543146
32175001	32200001	840	0.047139836085191525
32200001	32225001	744	0.07016832671921032
32225001	32250001	943	0.03357315900594429
32250001	32275001	858	0.02271494134780919
32275001	32300001	897	0.02085017666786442
32300001	32325001	839	0.010274732303493241
32325001	32350001	917	0.027739527350671107
32350001	32375001	1059	0.01808697470665065
32375001	32400001	993	0.015256892322632117
32400001	32425001	805	0.017853704418646893
32425001	32450001	867	0.0200089663053002
32450001	32475001	1072	0.008506566857203276
32475001	32500001	752	0.02968737722874767
32500001	32525001	947	0.01548871488392516
32525001	32550001	769	0.015757549821969488
32550001	32575001	1126	0.012060548606997385
32575001	32600001	1226	0.019446581021483247
32600001	32625001	498	0.012732340957195748
32625001	32650001	1055	0.02498318821249898
32650001	32675001	1036	0.011536255988490335
32675001	32700001	1194	0.023251356988193344
32700001	32725001	1243	0.012861861405648399
32725001	32750001	1303	0.01843578711094392
32750001	32775001	1010	0.010320000994209821
32775001	32800001	900	0.02033593995402485
32800001	32825001	468	0.02221572045658649
32825001	32850001	565	0.02273381602028947
32850001	32875001	649	0.01195628976868089
32875001	32900001	820	0.00984761922748836
32900001	32925001	913	0.009175184254376014
32925001	32950001	655	0.021212153660995568
32950001	32975001	672	0.014820313292531565
32975001	33000001	692	0.009600017512024554
33000001	33025001	820	0.012700128688505757
33025001	33050001	787	0.025217760276278665
33050001	33075001	915	0.02465021601865519
33075001	33100001	723	0.012732767273324256
33100001	33125001	824	0.013934210732887826
33125001	33150001	343	0.018909528314110753
33150001	33175001	705	0.013394292814475827
33175001	33200001	783	0.024581092905648628
33200001	33225001	923	0.04356927194580175
33225001	33250001	829	0.05154956393389948
33250001	33275001	733	0.1305819595347827
33275001	33300001	481	0.35237044245254984
33300001	33325001	585	0.08608818364798343
33325001	33350001	736	0.015826974664786688
33350001	33375001	924	0.04786413310155769
33375001	33400001	695	0.04636607019194288
33400001	33425001	1076	0.03312764775529371
33425001	33450001	692	0.03777118472989301
33450001	33475001	1023	0.028955713089328834
33475001	33500001	829	0.029264217472796335
33500001	33525001	920	0.030749824482346363
33525001	33550001	925	0.018535255038132834
33550001	33575001	598	0.023365978284011078
33575001	33600001	903	0.031005061857588355
33600001	33625001	996	0.025069830133503307
33625001	33650001	904	0.0296556008236307
33650001	33675001	876	0.03209549027722358
33675001	33700001	975	0.027255301965003764
33700001	33725001	705	0.06518617727562552
33725001	33750001	740	0.02037404065862937
33750001	33775001	959	0.009439733524014931
33775001	33800001	973	0.01147491736104818
33800001	33825001	992	0.017933574269009572
33825001	33850001	745	0.013615984418904117
33850001	33875001	882	0.02100830613662239
33875001	33900001	850	0.023992411207188518
33900001	33925001	656	0.036799634473019927
33925001	33950001	1079	0.01625355304010104
33950001	33975001	1041	0.015504120985094037
33975001	34000001	1021	0.022939200989510473
34000001	34025001	1345	0.01299463011875781
34025001	34050001	1122	0.01524269074404193
34050001	34075001	679	0.012868852743877165
34075001	34100001	615	0.017634408177890783
34100001	34125001	408	0.014106346187439516
34125001	34150001	821	0.009880341849045578
34150001	34175001	1124	0.015370777465918271
34175001	34200001	1221	0.015516145607462378
34200001	34225001	1080	0.014839881335152858
34225001	34250001	944	0.021514390871786113
34250001	34275001	872	0.011496678995865437
34275001	34300001	1115	0.02275185396585244
34300001	34325001	1147	0.013787043528966312
34325001	34350001	866	0.023728984924313853
34350001	34375001	951	0.018816316263064195
34375001	34400001	1048	0.01793275488937374
34400001	34425001	1020	0.03065754481716232
34425001	34450001	1035	0.016078456238592043
34450001	34475001	1171	0.016463502688251752
34475001	34500001	1021	0.01969043679041704
34500001	34525001	1041	0.021258702616858808
34525001	34550001	1066	0.02326439452503224
34550001	34575001	885	0.019720504106523467
34575001	34600001	964	0.03812234058065931
34600001	34625001	802	0.0205215259738519
34625001	34650001	822	0.01265051825545731
34650001	34675001	711	0.030935788594286896
34675001	34700001	844	0.023010802156540274
34700001	34725001	989	0.012924913429135406
34725001	34750001	1061	0.01876895885529456
34750001	34775001	1046	0.014878824785487018
34775001	34800001	1069	0.009056958002932896
34800001	34825001	1062	0.019885172575062376
34825001	34850001	594	0.019985492654302942
34850001	34875001	766	0.0229495635666029
34875001	34900001	851	0.026713210271309788
34900001	34925001	974	0.03054747952601761
34925001	34950001	980	0.022637965486380484
34950001	34975001	885	0.0577558798138673
34975001	35000001	1072	0.02549489399292071
35000001	35025001	1080	0.019603302204315783
35025001	35050001	916	0.029051494327890948
35050001	35075001	1131	0.04698075784320762
35075001	35100001	1049	0.04414507039334092
35100001	35125001	914	0.020601562005677337
35125001	35150001	687	0.025715415597101582
35150001	35175001	835	0.015822265824691997
35175001	35200001	531	0.02646301449178919
35200001	35225001	734	0.012467390445233406
35225001	35250001	825	0.030430455211379017
35250001	35275001	758	0.023906470788257417
35275001	35300001	882	0.022389294316683787
35300001	35325001	1010	0.01952956989192921
35325001	35350001	938	0.017414110453890574
35350001	35375001	1114	0.014304413933809558
35375001	35400001	790	0.018295167223050426
35400001	35425001	1052	0.017309540733163573
35425001	35450001	932	0.018450994300873123
35450001	35475001	953	0.020177806644136986
35475001	35500001	789	0.020452453159650236
35500001	35525001	781	0.03966110118408849
35525001	35550001	1043	0.017728090149689322
35550001	35575001	1103	0.013921725989209889
35575001	35600001	796	0.018695987656519263
35600001	35625001	927	0.026362114592345644
35625001	35650001	400	0.03969454650241337
35650001	35675001	817	0.018730450740310677
35675001	35700001	671	0.02485068293181622
35700001	35725001	769	0.08219608013854293
35725001	35750001	794	0.2363575079490441
35750001	35775001	1151	0.07894100669186205
35775001	35800001	1109	0.08262153606734222
35800001	35825001	401	0.052803438172671274
